doppler1...
[-136.3452021068371,-0.03527397100080482]   5.968723542082444E-7

doppler2...
[-227.8404190148825,-0.02323589556169747]   1.84007726886648E-5

doppler3...
[-82.62341174765002,-0.5157097883491053]    5.957337712914068E-5

jetEngine...
[-1779.550035106939,4813.563580971664]  3.57492554030614E-5

jetEngine_1...
[-1779.607333400174,4817.358315640985] 5.610518201137893E-7


rigidBody1...
[-697.1313938072840,694.5079793864337] 8.238621376222E-7


rigidBody1_1...
[-703.1323591394810,699.8864530758132]  1.904169193380767E-4

rigidBody2...
[-54997.63477850855,57938.05187045302] 1.244159138877876E-4

rigidBody2_1...
[-54926.19394288110,58234.19977354504]  0.03978709574585082


carbonGas...
[4150804.012006782,16907304.39806014]  168874.69861486368


predatorPrey...
[0.03966904232625915,0.3355733243616901] 8.60004832411998E-5


verhulst...
[0.3668564703169500,0.9449129157491766]  2.390833018767191E-4


turbine1...
[-18.28309740206900,-1.994613541042574]  3.708133995417029E-7

turbine2...
[-28.52731225360191,3.810642984635700]  7.654527336420358E-7

turbine3...
[0.6117063658275412,11.37982060035790]  1.0382605186709526E-6